2
3     2     4
-6    -4    6

2
6     -3    6
-2    1     -2

2
0     2     4
1     -1    5

3
1     1     2     4
1     1     0     2
0     1     1     0

3
3     2     -5    0
2     -3    1     0
1     4     -1    4

3
3     4     3     10
1     5     -1    7
6     3     7     15

4
6     -2    2     4     16
12    -8    6     10    26
3     -13   9     3     -19
-6    4     1     -18   -34

4
1     -1    2     1     1
3     2     1     4     1
5     8     6     3     1
4     2     5     3     -1

5
9     3     2     0     7     35
7     6     9     6     4     58
2     7     7     8     2     53
0     9     7     2     2     37
7     3     6     4     3     39
